22501
100175
160668
233223
496739
2080154
3065587
3303633
3920928
3957098
4088619
5377397
5443942
5511068
6962098
7291020
9128313
9876809
11072801
11157154
11192497
12655427
13653382
14538451
14806992
14990570
15658191
16036044
16672857
16804024
17752370
17861489
18892875
19443436
19555352
20149344
21724028
21928387
22837185
23148144
23828481
25038744
25267751
27196959
29731880
30432258
30463407
31994676
32216152
36633233
36677447
37762194
38335184
39678201
39726700
40295869
41612348
41899226
42179929
42269394
42994366
50469951
51073878
53755843
55190592
56040491
56593441
56981778
57314571
57567935
57705295
61501234
63417024
64244286
64481204
64579035
65551104
65993983
66013138
66190026
67523655
67574880
68256478
75103852
75759316
76397440
76843742
77554510
77813484
77869979
78069186
78252857
78400214
78936517
79077326
79129932
79851963
80405411
82302732
83583889
84675301
86538137
87211615
87233599
87377966
89007088
89071878
95507066
95682944
95894779
99400144
105209145
106339923
107080803
107816800
110820440
113012758
113935427

115760484
117907173
120095370
120406400
121053136
121386009
122695426
122804823
124279220
124650838
124922689
125195396
133198645
136308905
136347160
137844182
147403253
 
149296905
149994392
150429423
151471940
153234322
153602904
155199016
155397179
155447887
156882837
157059904
157317663
158311409
158857640
170254164
171039914
171504205
172947443
173511759
173983813
175423803
175907670
176352728
176896016
178621795
181127227
182054258
183034145
183386204
185610714
185769169
188677806
191547834
191751021
195545472
195660978
200890906
209686219
214069386
215566312
215698055
215791393
228482128
229134213
229713624
230240618
232333213
234447805
236269686
239498799
239865613
244094468
244125648
 
249160152
249425315
249687710
253841906
254354206
258440992
260788330
261829346
261907597
263046589
270415845
271162936
271336471
271421396
271615849
272621242
272861807
273052149
273464341
273518168
274645729
275821981
276033719
278218029
278336604
278705072
279694366
282213499
282440222
 
285079303
285658662
286211362
287286967
287640195
289291569
290560475
292064500
296307852
297041351
297496422
 
305575885
305608396
306134637
306333451
306432369
306608933
307672698
309638647
310313733
310673040
312282157
312598601
312651226
312658731
312973012
313490396
313496586
315342859
316748281
316812741
316842098
317119713
317293211
317823232
317892665
327297228
327819581
327867988
328419013
328480666
328684637
329589606
329795407
329906021
330648162
330854913
331656029
332019538
334634933
334668292
340015217
342775472
345007205
345233894
345302443
345487772
345840860
347031209
349082349
349501568
352909114
353134608
353891906
354078405
355494906
355784522
357076802
357101750
357192124
358100283
358646357
359191812
359257478
359400392
359694755
360123410
361112585
361653070
361774151
363582099
364568474
365438951
369416127
369559839
369716204
369898665
370406433
370656508
373085620
373285953
373679419
374982861
375251966
378392741
378508848
378708085
379675143
380418343
381022609
383036333
386073631
390852090
392099671
393120803
394037824
394756631
395591222
395928985
396337661
396974198
397161320
397207667
397725658
397976872
398449615
398655807
399903740
401526150
402498645
403594612
403660598
404259072
404468707
405091256
405853373
405880635
407748762
408432416
408905188
410594030
410684363
410762710
411182785
412935237
413384894
413919991
413959075
414347811
414661855
415189925
416312037
416787780
416869615
417163842
418952936
419498492
421379569
421634091
421873525
 
425367868
429305273
434359376
435958172
438995347
443112914
443239404
444948951
444983908
446802961
447196215
447306544
447398483
448557926
448904061
449290076
455494389
455922754
457594330
457688352
457950218
458578241
460364907
460831640
461316822
461442084
461779256
462996969
463864674
464053315
464247629
466379795
466628913
467669363
469759148
470772278
470853161
471173540
471786544
472492766
472594964
474207091
474347950
475603218
484682077
489077838
489115422
491623995
492778172
493332878
 
495387771
496979773
497573743
497792336
498828973
502256911
503841706
503950123
504302374
504926587
506672913
506740948
510298430
510654755
513038436
514503231
515281520
515538096
516323748
516347747
516813876
517281932
517534120
517858225
519119737
 
522826951
524209084
525648737
526301716
526854369
529025165
531464220
534199492
535526003
535826624
539999068
542097693
542292238
543092961
543629314
544380522
544956749
546550283
547204925
547210685
547433409
547983853
549485681
550494004
550773663
 
553879622
554104664
554603455
554697309
554747773
565361212
565523325
565712782
568764384
568845907
569225345
569855129
571116136
573927317
574168935
575169815
577071818
582651520
584190086
584283369
584412572
584476200
591365248
592356001
593675081
594998930
595387469
596617893
596620847
597652982
597852370
599166751
599497481
602306819
603392846
604550164
604963558
610878107
614986890
616589257
623689575
623824776
627527256
634359892
635009805
635547200
641905168
645148410
645856052
646683058
648718376
649259194
659360026
 
672690614
673189692
674370149
675308414
675463860
676970250
690438699
695792075
707923303
 
710245243
710706047
714015486
718805523
719857608
726779233
729844449
735437749
736949887
738578315
741447427
741519388
742622432
744804712
747132952
751898616
752047465
753065164
754993645
759724549
760820289
760918511
765478987
767103998
767227544
769859810
772960115
781468917
781494699
781824562
785575800
786578147
790689205
790754943
790951481
791221503
794558878
798605973
806901627
809502380
809812770
810865448
814547586
815736975
821766485
823059528
823523578
824387883
825347966
826899376
827105675
835651487
835900115
836848755
838644038
840170170
841011964
844511279
847066001
850467937
851815153
853237167
854553853
859110706
859183435
859862865
860474980
860682229
861125774
863466938
869933525
871179460
873710800
875278243
875824302
876201496
879168838
879773069
903110104
903206029
905013309
912788379
913384242
913712552
913823329
915166366
917112051
921150155
921870768
927689168
931113407
934951322
936849197
937412486
937543447
941288397
942676424
946464157
947084426
947544357
948220640
 
949887807
954111632
957216386
961557666
961748055
962888087
972801341
972941233
975867605
983858655
990805601
992721556
 
994124057
996929176
1004803489
1010322925
 
1012091032
1013470160
1013638836
1013748682
1015181653
1024770487
 
1025458480
1027699441
1030639617
1031074673
1034118098
1035439272
1041068116
1042552570
1046826002
1047236545
1047573045
1048127436
1048454616
1049252607
1052671971
1058106099
1060889759
 
1067732113
1067937334
1069810753
1075474681
1093389476
1102275312
1114238249
1124640514
1129057828
1129847570
1131838150
1139001579
1141119041
1143498625
1149103381
1156849762
1163801191
1164375083
1165102701
1170819699
1183942185
1186268747
1192472803
1193283609
1197977790
1216272311
1216574068
1220327863
1242768904
1254598946
1255349392
1256003289
1260412134
1260742693
1271591106
1274057138
1274222733
1279647131
1280026157
1283066581
1283164004
1284095236
1284454988
1289651007
1305535552
1307955836
1312390571
1317791528
1318445762
1319734528
1323631121
1326828072
1337906766
1343201179
1357588864
1359217377
1366141049
1366917913
1372240020
1373088794
1401024141
1404895966
1410552236
1414945017
1427769012
1433262549
1438027275
1445579584
1446521460
1451469487
1459010662
1461980820
1462085912
1481360012
1487413233
1502327163
1504964701
1510102638
1512061777
1537002166
1538895192
1539896519
1545825677
1546800097
1547142556
1569398624
1573265474
1581632496
1586993569 
1605962791
1608551304
1611677756
1615498305
1615618015
1648150809
1649730860
1683910545
1693773660
1694602494
1697922475
1713517540
1744980021
1781411500
1787674025
1792015758
1795633073
1803904295
1815972916
1817251277
1829649349
1837946929
1838218224
1909527294
1910075649
1911652044
1914870976
1921227313
1921426904
1927170107
1933783890 
1936950807
1942339890
1943150674
1952647858
1966678440
1977509272
1984317077
1986502570
2010412905
2032403231
2039850251
2061870161
2088211364 
2117282895
2134915445
2136885389
2141799106
2142754821
2151201656
2169201469
2169218006
2173520049
2177721435
2179347171
2200938980
2212001197
2221530889
2225435634
2232716001
2233861991
2256852913
2263926113
2273686965
2279126882
2281718453
2282182896
2292859304
2338930891
2352099108
2355806366
2375830443
2383246093
2386227615
2403285184
2409482105
2409868352
2414885086
2417727761
2423223637
2451821980
2464241181
2477442949
2479827742
2479830294
2501539405 
2506057528
2509335768
2519772924
2528381371
2528698850
2532016042
2537749125
2542392535
2557106252
2571047296
2574726770
2580298404
2595483376
2597992521
2602464334
2622871177
2625336863
2630692311
2637222477
2653728056
2667340879
2673427768
2674269200
2675123216
2679355989
2692495409
2715404344
2717799468
2723758135
2724409593
2737501863
2751852489
2779426317
2801171397
2810201644
2812785220
2818512628
2836589251
2841991679
2856534689
2880034464
2890316218
2895415706
2919851497
2929254026
2929338523
2934242500
2951297815
2973232821
2978975674
2994332020
3011490058
3051486474
3081817414
3095018951
3108561768
3130498752
3131881099
3139737088
3159034661
3163483867
3163540557
3175865402
3179604747
3193452791
3196407545
3205249929
3227414031
3235806088
3237715962
3247206781
3275104079
3279317198
3280269667
3282565784
3286509919
3290077606
3300289760
3305147693
3307155088
3310266947
3334519684
3352365530
3352709964
3362867915
3384115487
3422144074
3437066531
3438149639
3460272616
3530763872
